 0.00000000e+00 1.07990359e+01
 1.00000000e-02 5.33124448e+00
 2.00000000e-02 1.75283953e+00
 3.00000000e-02 -3.85594888e-01
 4.00000000e-02 -5.88269251e+00
 5.00000000e-02 4.69415993e+00
 6.00000000e-02 2.73891779e+00
 7.00000000e-02 1.02276743e+01
 8.00000000e-02 2.45216090e+00
 9.00000000e-02 5.40784459e+00
 1.00000000e-01 2.14814507e+00
 1.10000000e-01 1.15598130e+01
 1.20000000e-01 -6.46920926e+00
 1.30000000e-01 -5.31570271e+00
 1.40000000e-01 -2.26053404e+00
 1.50000000e-01 -1.19761587e+00
 1.60000000e-01 1.44094296e+01
 1.70000000e-01 -4.74374358e+00
 1.80000000e-01 -6.75752570e-01
 1.90000000e-01 9.11332431e+00
 2.00000000e-01 6.28382226e-01
 2.10000000e-01 1.13211054e+01
 2.20000000e-01 1.55715063e+01
 2.30000000e-01 2.97528335e+00
 2.40000000e-01 9.78262272e+00
 2.50000000e-01 1.09521294e+01
 2.60000000e-01 8.47268681e+00
 2.70000000e-01 -1.72768145e+00
 2.80000000e-01 1.32155132e+01
 2.90000000e-01 3.54863726e+00
 3.00000000e-01 4.31754453e-01
 3.10000000e-01 3.64721120e+00
 3.20000000e-01 2.91563930e+00
 3.30000000e-01 7.43963952e+00
 3.40000000e-01 -2.86953042e-01
 3.50000000e-01 -8.43596384e+00
 3.60000000e-01 1.61671741e+00
 3.70000000e-01 2.18658780e+01
 3.80000000e-01 2.09107195e+01
 3.90000000e-01 1.10783147e+01
 4.00000000e-01 3.92742650e+00
 4.10000000e-01 1.52829581e+00
 4.20000000e-01 5.14848108e+00
 4.30000000e-01 1.44341746e+00
 4.40000000e-01 6.38360555e+00
 4.50000000e-01 7.49079568e+00
 4.60000000e-01 1.06556045e+01
 4.70000000e-01 1.57179352e+00
 4.80000000e-01 2.85320222e+00
 4.90000000e-01 -1.62283362e+00
 5.00000000e-01 -4.34685925e+00
 5.10000000e-01 2.55602333e+00
 5.20000000e-01 1.18943873e+01
 5.30000000e-01 1.28752833e+01
 5.40000000e-01 -1.15824508e+00
 5.50000000e-01 -8.20230659e+00
 5.60000000e-01 2.66179507e+00
 5.70000000e-01 -1.46935129e+01
 5.80000000e-01 -7.35057185e+00
 5.90000000e-01 -6.22763440e+00
 6.00000000e-01 3.12421379e+00
 6.10000000e-01 5.58268298e+00
 6.20000000e-01 2.21552471e+00
 6.30000000e-01 -1.04276515e+01
 6.40000000e-01 7.72379309e+00
 6.50000000e-01 4.77006825e+00
 6.60000000e-01 -2.83401709e+00
 6.70000000e-01 6.50386804e+00
 6.80000000e-01 2.15251896e+00
 6.90000000e-01 1.93977707e+00
 7.00000000e-01 4.18565330e+00
 7.10000000e-01 1.97250977e+01
 7.20000000e-01 2.63805318e+01
 7.30000000e-01 4.96228512e+00
 7.40000000e-01 -1.77635731e+00
 7.50000000e-01 8.99628732e+00
 7.60000000e-01 -6.47426550e+00
 7.70000000e-01 1.66316934e+01
 7.80000000e-01 -1.01044806e+01
 7.90000000e-01 2.73572168e+00
 8.00000000e-01 1.24921728e+01
 8.10000000e-01 7.12315069e+00
 8.20000000e-01 -9.05500354e-01
 8.30000000e-01 1.73275617e+01
 8.40000000e-01 6.33511797e+00
 8.50000000e-01 1.61754200e+01
 8.60000000e-01 1.02801804e+01
 8.70000000e-01 6.61449848e+00
 8.80000000e-01 6.77201052e-01
 8.90000000e-01 1.87659484e+01
 9.00000000e-01 -2.14613488e+00
 9.10000000e-01 1.70708708e+01
 9.20000000e-01 7.41758268e+00
 9.30000000e-01 2.86529247e-01
 9.40000000e-01 3.25736691e+00
 9.50000000e-01 6.67758543e+00
 9.60000000e-01 8.16149241e+00
 9.70000000e-01 1.55233813e+01
 9.80000000e-01 1.73913578e+01
 9.90000000e-01 -8.08762614e+00
 1.00000000e+00 -7.77598184e+00
 1.01000000e+00 6.55296687e+00
 1.02000000e+00 6.52611894e-01
 1.03000000e+00 3.97164809e-02
 1.04000000e+00 4.56550229e+00
 1.05000000e+00 4.15519900e+00
 1.06000000e+00 -5.83853352e+00
 1.07000000e+00 -5.55962176e-01
 1.08000000e+00 1.72503837e+01
 1.09000000e+00 -6.47780832e+00
 1.10000000e+00 -5.55229392e+00
 1.11000000e+00 3.31920691e-01
 1.12000000e+00 -7.86134416e+00
 1.13000000e+00 9.28367322e+00
 1.14000000e+00 -5.71170475e+00
 1.15000000e+00 -8.78116411e+00
 1.16000000e+00 1.11599230e+01
 1.17000000e+00 -7.65092958e+00
 1.18000000e+00 1.20380349e+01
 1.19000000e+00 3.88048860e+00
 1.20000000e+00 -9.13300253e+00
 1.21000000e+00 6.34018243e+00
 1.22000000e+00 -1.02922463e+01
 1.23000000e+00 1.32809736e+01
 1.24000000e+00 1.22610011e+01
 1.25000000e+00 4.20750036e+00
 1.26000000e+00 7.40287498e+00
 1.27000000e+00 -4.36729045e+00
 1.28000000e+00 -4.77168548e+00
 1.29000000e+00 4.22438861e+00
 1.30000000e+00 4.24490339e+00
 1.31000000e+00 5.58622852e+00
 1.32000000e+00 -3.18854014e+00
 1.33000000e+00 -8.99265908e-01
 1.34000000e+00 -5.33092935e+00
 1.35000000e+00 1.45910358e+01
 1.36000000e+00 2.08915482e+01
 1.37000000e+00 -1.10475051e+01
 1.38000000e+00 4.20130925e+00
 1.39000000e+00 -1.47944362e+00
 1.40000000e+00 2.22289746e+01
 1.41000000e+00 9.91875158e+00
 1.42000000e+00 7.44822622e+00
 1.43000000e+00 1.43007358e+01
 1.44000000e+00 8.36994099e+00
 1.45000000e+00 4.83809380e+00
 1.46000000e+00 1.81796266e+01
 1.47000000e+00 2.61472239e+00
 1.48000000e+00 3.59908403e+00
 1.49000000e+00 -2.43538753e+00
 1.50000000e+00 1.58597947e+01
 1.51000000e+00 6.20944637e+00
 1.52000000e+00 1.31282676e+01
 1.53000000e+00 6.58603517e+00
 1.54000000e+00 7.95024402e+00
 1.55000000e+00 5.90872901e+00
 1.56000000e+00 -1.96456056e+00
 1.57000000e+00 -2.34088044e+00
 1.58000000e+00 -1.08197812e+00
 1.59000000e+00 1.07997157e+01
 1.60000000e+00 1.21224560e+01
 1.61000000e+00 8.91838215e-01
 1.62000000e+00 1.89239681e+01
 1.63000000e+00 1.06290915e+01
 1.64000000e+00 1.43094058e+01
 1.65000000e+00 2.42943693e+01
 1.66000000e+00 7.90314638e+00
 1.67000000e+00 2.22255731e+00
 1.68000000e+00 8.01431233e-02
 1.69000000e+00 7.84296439e+00
 1.70000000e+00 7.91419574e+00
 1.71000000e+00 3.84377458e-01
 1.72000000e+00 1.85219429e+01
 1.73000000e+00 -3.40068138e+00
 1.74000000e+00 2.30143459e+01
 1.75000000e+00 1.82440773e+01
 1.76000000e+00 2.89113259e+00
 1.77000000e+00 -2.27118762e+00
 1.78000000e+00 1.29677349e+01
 1.79000000e+00 1.26177145e+01
 1.80000000e+00 1.65184814e+01
 1.81000000e+00 -3.86060423e+00
 1.82000000e+00 2.25779033e+01
 1.83000000e+00 -1.20413418e+01
 1.84000000e+00 1.58850167e+01
 1.85000000e+00 5.97599098e+00
 1.86000000e+00 1.37422061e+01
 1.87000000e+00 2.89092805e+00
 1.88000000e+00 -6.31301991e+00
 1.89000000e+00 1.82449523e+01
 1.90000000e+00 1.02641638e+01
 1.91000000e+00 5.89054619e+00
 1.92000000e+00 -1.10210627e+00
 1.93000000e+00 4.24043666e+00
 1.94000000e+00 5.40777296e+00
 1.95000000e+00 -2.46950055e+00
 1.96000000e+00 1.33370941e+01
 1.97000000e+00 6.85115061e+00
 1.98000000e+00 -2.12424751e+00
 1.99000000e+00 9.56811974e+00
 2.00000000e+00 4.51452407e+00
 2.01000000e+00 2.82402377e+00
 2.02000000e+00 5.43459298e+00
 2.03000000e+00 1.46864107e+00
 2.04000000e+00 1.24211078e+01
 2.05000000e+00 9.10710972e+00
 2.06000000e+00 6.30911178e+00
 2.07000000e+00 2.24885217e+00
 2.08000000e+00 1.57087813e+01
 2.09000000e+00 1.22015014e+01
 2.10000000e+00 1.19422395e+01
 2.11000000e+00 6.93382706e+00
 2.12000000e+00 -4.08828136e+00
 2.13000000e+00 3.53640499e-01
 2.14000000e+00 2.50463552e+01
 2.15000000e+00 1.28520043e+01
 2.16000000e+00 9.03413960e+00
 2.17000000e+00 2.02787243e+01
 2.18000000e+00 1.47781539e+00
 2.19000000e+00 1.80118006e+01
 2.20000000e+00 1.02623246e+01
 2.21000000e+00 4.73636535e+00
 2.22000000e+00 -6.75488919e-01
 2.23000000e+00 5.31239240e+00
 2.24000000e+00 5.79014462e+00
 2.25000000e+00 1.82722049e+01
 2.26000000e+00 5.27371075e+00
 2.27000000e+00 8.75064780e+00
 2.28000000e+00 4.85411400e+00
 2.29000000e+00 7.61137285e-01
 2.30000000e+00 -1.39153327e+00
 2.31000000e+00 1.34986929e+01
 2.32000000e+00 1.04488488e+01
 2.33000000e+00 1.94767213e+00
 2.34000000e+00 9.51017216e+00
 2.35000000e+00 1.25971954e+01
 2.36000000e+00 3.70545042e+00
 2.37000000e+00 3.95306139e+00
 2.38000000e+00 5.15351635e+00
 2.39000000e+00 9.47894907e+00
 2.40000000e+00 -4.72560212e+00
 2.41000000e+00 6.94255685e+00
 2.42000000e+00 4.62377998e+00
 2.43000000e+00 1.64737896e+00
 2.44000000e+00 1.39014668e+01
 2.45000000e+00 1.34153560e+01
 2.46000000e+00 -1.38774570e+00
 2.47000000e+00 7.39511428e+00
 2.48000000e+00 1.80250624e+01
 2.49000000e+00 8.78228168e+00
 2.50000000e+00 1.49361454e+01
 2.51000000e+00 9.16731863e+00
 2.52000000e+00 2.49614267e+01
 2.53000000e+00 1.00047201e+01
 2.54000000e+00 1.56980800e+01
 2.55000000e+00 7.89734484e+00
 2.56000000e+00 2.11839702e+01
 2.57000000e+00 1.56004731e+01
 2.58000000e+00 6.90167583e+00
 2.59000000e+00 1.61513312e+01
 2.60000000e+00 2.69698748e+01
 2.61000000e+00 8.04152622e+00
 2.62000000e+00 -9.42714651e+00
 2.63000000e+00 -2.50101796e-01
 2.64000000e+00 4.37723144e-01
 2.65000000e+00 6.47281384e+00
 2.66000000e+00 1.53520020e+01
 2.67000000e+00 1.58562583e+01
 2.68000000e+00 8.91516944e+00
 2.69000000e+00 -1.20312344e+01
 2.70000000e+00 4.72537688e+00
 2.71000000e+00 -3.09774005e+00
 2.72000000e+00 7.67216477e+00
 2.73000000e+00 -2.24444286e+00
 2.74000000e+00 1.85470327e+01
 2.75000000e+00 6.06064666e+00
 2.76000000e+00 4.81795961e+00
 2.77000000e+00 2.21954175e+00
 2.78000000e+00 9.09883616e+00
 2.79000000e+00 4.26795902e+00
 2.80000000e+00 7.75597617e+00
 2.81000000e+00 1.15858201e+01
 2.82000000e+00 1.30553998e+01
 2.83000000e+00 1.25255420e+01
 2.84000000e+00 2.28169945e+01
 2.85000000e+00 1.80890445e+01
 2.86000000e+00 -1.36315703e+00
 2.87000000e+00 -3.98161020e+00
 2.88000000e+00 1.82663421e+01
 2.89000000e+00 1.54561089e+01
 2.90000000e+00 1.62536222e+01
 2.91000000e+00 6.90905415e+00
 2.92000000e+00 7.35672472e+00
 2.93000000e+00 1.59683417e+01
 2.94000000e+00 2.09973263e+01
 2.95000000e+00 -1.04491588e+00
 2.96000000e+00 9.07000499e+00
 2.97000000e+00 7.87002852e+00
 2.98000000e+00 -1.02883811e+00
 2.99000000e+00 1.14742336e+01
 3.00000000e+00 2.04448163e+01
 3.01000000e+00 1.33164950e+01
 3.02000000e+00 5.50317523e+00
 3.03000000e+00 7.92835411e+00
 3.04000000e+00 -8.84960842e-01
 3.05000000e+00 5.97227879e+00
 3.06000000e+00 -4.57563931e+00
 3.07000000e+00 -5.78640913e+00
 3.08000000e+00 2.00237316e+01
 3.09000000e+00 1.10410107e+01
 3.10000000e+00 4.15831088e+00
 3.11000000e+00 1.70354547e+01
 3.12000000e+00 7.85855069e+00
 3.13000000e+00 2.05819175e+01
 3.14000000e+00 1.79524347e+01
 3.15000000e+00 1.34175426e+01
 3.16000000e+00 1.52231698e+01
 3.17000000e+00 8.98135436e+00
 3.18000000e+00 1.30697565e+01
 3.19000000e+00 1.41387882e+00
 3.20000000e+00 5.35370765e+00
 3.21000000e+00 -6.54567167e-01
 3.22000000e+00 1.94331688e+00
 3.23000000e+00 2.18404817e+01
 3.24000000e+00 3.72770591e+00
 3.25000000e+00 1.33807566e+01
 3.26000000e+00 1.62999027e+01
 3.27000000e+00 5.44129815e+00
 3.28000000e+00 1.64338384e+01
 3.29000000e+00 8.99788596e-01
 3.30000000e+00 8.00700746e+00
 3.31000000e+00 6.30244280e+00
 3.32000000e+00 1.10482488e+01
 3.33000000e+00 -2.02232373e+00
 3.34000000e+00 1.36197832e+01
 3.35000000e+00 1.51319815e+01
 3.36000000e+00 8.56251662e+00
 3.37000000e+00 1.58048463e+01
 3.38000000e+00 1.65195021e+01
 3.39000000e+00 1.91080879e+01
 3.40000000e+00 -2.61480630e+00
 3.41000000e+00 -1.06668573e+01
 3.42000000e+00 2.16092478e+01
 3.43000000e+00 3.76186205e+00
 3.44000000e+00 2.49723784e+01
 3.45000000e+00 1.08680855e+01
 3.46000000e+00 1.20247784e+01
 3.47000000e+00 -6.37922227e-01
 3.48000000e+00 5.42994292e+00
 3.49000000e+00 1.59638429e+01
 3.50000000e+00 2.58602657e+01
 3.51000000e+00 1.39610156e+01
 3.52000000e+00 1.56180437e+01
 3.53000000e+00 1.10898702e+01
 3.54000000e+00 7.48304097e+00
 3.55000000e+00 8.03353074e+00
 3.56000000e+00 -1.78946180e+00
 3.57000000e+00 7.99251711e+00
 3.58000000e+00 -1.06363973e+00
 3.59000000e+00 -6.95342940e-01
 3.60000000e+00 4.26119269e+00
 3.61000000e+00 1.38281485e+01
 3.62000000e+00 2.93690199e+01
 3.63000000e+00 1.15739961e+01
 3.64000000e+00 -5.62802148e+00
 3.65000000e+00 1.31514478e+01
 3.66000000e+00 6.20513947e+00
 3.67000000e+00 5.55754381e+00
 3.68000000e+00 2.31905619e+01
 3.69000000e+00 8.04150370e+00
 3.70000000e+00 4.13694105e+00
 3.71000000e+00 1.81416094e+01
 3.72000000e+00 1.76386932e+01
 3.73000000e+00 5.95987822e+00
 3.74000000e+00 7.26857957e+00
 3.75000000e+00 -7.46683579e+00
 3.76000000e+00 1.92744742e+01
 3.77000000e+00 1.39568792e+01
 3.78000000e+00 1.40622406e+01
 3.79000000e+00 2.00351599e+01
 3.80000000e+00 8.54289489e+00
 3.81000000e+00 1.19879715e+01
 3.82000000e+00 -1.86303791e+00
 3.83000000e+00 1.08662527e+01
 3.84000000e+00 1.76679890e+01
 3.85000000e+00 1.23417520e+01
 3.86000000e+00 2.46475576e+01
 3.87000000e+00 1.11442578e+01
 3.88000000e+00 1.59952795e+01
 3.89000000e+00 1.86861080e+01
 3.90000000e+00 2.87846040e+00
 3.91000000e+00 1.11585967e+01
 3.92000000e+00 8.77227357e+00
 3.93000000e+00 2.07867972e+01
 3.94000000e+00 1.06379766e+01
 3.95000000e+00 1.24291518e+01
 3.96000000e+00 1.11543850e+01
 3.97000000e+00 1.55974583e+01
 3.98000000e+00 5.29377998e+00
 3.99000000e+00 5.84471138e+00
 4.00000000e+00 9.82537555e+00
 4.01000000e+00 2.01062233e+01
 4.02000000e+00 5.41258801e+00
 4.03000000e+00 1.17865228e+01
 4.04000000e+00 2.39916477e+00
 4.05000000e+00 1.53138140e+01
 4.06000000e+00 4.43018121e+00
 4.07000000e+00 2.26301151e+01
 4.08000000e+00 5.05835040e+00
 4.09000000e+00 9.92242377e+00
 4.10000000e+00 2.38710090e+01
 4.11000000e+00 1.54594784e+01
 4.12000000e+00 1.37857355e+01
 4.13000000e+00 2.27280923e+01
 4.14000000e+00 1.70284757e+00
 4.15000000e+00 2.17645186e+01
 4.16000000e+00 1.18236659e+01
 4.17000000e+00 1.05457929e+01
 4.18000000e+00 1.26093924e+01
 4.19000000e+00 2.42758978e+01
 4.20000000e+00 8.14142348e+00
 4.21000000e+00 5.73348575e-01
 4.22000000e+00 9.14169476e+00
 4.23000000e+00 1.58900609e+01
 4.24000000e+00 1.13799377e+01
 4.25000000e+00 1.57212536e-01
 4.26000000e+00 3.56408818e+00
 4.27000000e+00 2.01349905e+01
 4.28000000e+00 2.68748294e+00
 4.29000000e+00 1.15110593e+01
 4.30000000e+00 1.11606290e+01
 4.31000000e+00 1.07976636e+01
 4.32000000e+00 7.03112543e+00
 4.33000000e+00 1.26195835e+01
 4.34000000e+00 8.80793207e+00
 4.35000000e+00 1.08377649e+00
 4.36000000e+00 1.90489391e+01
 4.37000000e+00 5.35836421e+00
 4.38000000e+00 8.65774858e+00
 4.39000000e+00 1.44788679e+01
 4.40000000e+00 4.22877393e+00
 4.41000000e+00 1.26332489e+01
 4.42000000e+00 -6.80683974e+00
 4.43000000e+00 1.34836483e+01
 4.44000000e+00 2.83924862e+01
 4.45000000e+00 1.26572473e+01
 4.46000000e+00 2.18817176e+01
 4.47000000e+00 1.93418426e+01
 4.48000000e+00 5.05898243e+00
 4.49000000e+00 1.62388428e+01
 4.50000000e+00 1.24377445e+01
 4.51000000e+00 6.32019655e+00
 4.52000000e+00 8.03232749e+00
 4.53000000e+00 1.24266282e+00
 4.54000000e+00 1.54408251e+01
 4.55000000e+00 3.11288023e+00
 4.56000000e+00 1.38056207e+01
 4.57000000e+00 -1.51484247e+00
 4.58000000e+00 1.86225731e+01
 4.59000000e+00 1.85031581e+01
 4.60000000e+00 1.15189355e+01
 4.61000000e+00 1.83892244e+01
 4.62000000e+00 2.03690284e+01
 4.63000000e+00 3.88403902e+00
 4.64000000e+00 3.13539558e+00
 4.65000000e+00 2.76517496e+01
 4.66000000e+00 -3.68379897e-01
 4.67000000e+00 2.44829254e+01
 4.68000000e+00 1.08360261e+01
 4.69000000e+00 -1.56126264e+00
 4.70000000e+00 1.68237275e+01
 4.71000000e+00 2.26414886e+01
 4.72000000e+00 2.68083655e+01
 4.73000000e+00 2.34252756e+01
 4.74000000e+00 1.07329103e+01
 4.75000000e+00 1.23448945e+01
 4.76000000e+00 2.43493420e-02
 4.77000000e+00 1.38926745e+01
 4.78000000e+00 -2.62672244e-01
 4.79000000e+00 6.55398236e+00
 4.80000000e+00 2.19216019e+01
 4.81000000e+00 1.88480763e+01
 4.82000000e+00 1.86371029e+01
 4.83000000e+00 1.02229158e+01
 4.84000000e+00 8.47808268e+00
 4.85000000e+00 2.66704984e+00
 4.86000000e+00 1.72454186e+01
 4.87000000e+00 1.23782647e+01
 4.88000000e+00 2.67953338e+01
 4.89000000e+00 1.42945515e+01
 4.90000000e+00 -1.05915487e+00
 4.91000000e+00 2.63240392e+01
 4.92000000e+00 1.11470422e+01
 4.93000000e+00 1.60967313e+01
 4.94000000e+00 1.24162214e+01
 4.95000000e+00 2.24417940e+01
 4.96000000e+00 9.50332288e+00
 4.97000000e+00 1.91886712e+01
 4.98000000e+00 -7.66101267e+00
 4.99000000e+00 1.34473643e+01
 5.00000000e+00 7.01530081e+00
 5.01000000e+00 1.59582126e+01
 5.02000000e+00 3.71757881e+00
 5.03000000e+00 2.10223887e+01
 5.04000000e+00 1.26508919e+01
 5.05000000e+00 1.17865069e+00
 5.06000000e+00 1.46187365e+01
 5.07000000e+00 3.20157112e+00
 5.08000000e+00 1.46140964e+01
 5.09000000e+00 2.07990486e+01
 5.10000000e+00 3.57164342e+00
 5.11000000e+00 5.48038915e+00
 5.12000000e+00 1.14771937e-01
 5.13000000e+00 2.86101018e+01
 5.14000000e+00 9.62266410e+00
 5.15000000e+00 1.45632680e+01
 5.16000000e+00 1.12179031e+01
 5.17000000e+00 7.33731382e+00
 5.18000000e+00 2.19590264e+01
 5.19000000e+00 2.45095999e+01
 5.20000000e+00 1.23710606e+01
 5.21000000e+00 2.20986725e+01
 5.22000000e+00 1.83688921e+01
 5.23000000e+00 1.33567985e+01
 5.24000000e+00 2.89021153e+01
 5.25000000e+00 4.32883728e+00
 5.26000000e+00 1.72223232e+01
 5.27000000e+00 1.92938118e+01
 5.28000000e+00 -7.67633248e-01
 5.29000000e+00 2.66075044e+01
 5.30000000e+00 4.29074953e-01
 5.31000000e+00 8.97018028e+00
 5.32000000e+00 1.89157616e+01
 5.33000000e+00 5.73801072e+00
 5.34000000e+00 4.82593631e+00
 5.35000000e+00 1.32361755e+01
 5.36000000e+00 3.08016504e+01
 5.37000000e+00 -3.35511048e+00
 5.38000000e+00 1.03644628e+01
 5.39000000e+00 1.23230767e+01
 5.40000000e+00 1.08494986e+01
 5.41000000e+00 1.60678254e+01
 5.42000000e+00 2.16139968e+01
 5.43000000e+00 1.28928883e+01
 5.44000000e+00 2.93697292e+01
 5.45000000e+00 1.43896897e+01
 5.46000000e+00 2.39155435e+01
 5.47000000e+00 1.01592492e+01
 5.48000000e+00 1.17471481e+01
 5.49000000e+00 2.01634909e+01
 5.50000000e+00 8.13192497e+00
 5.51000000e+00 9.23155677e+00
 5.52000000e+00 1.64265951e+01
 5.53000000e+00 1.33573669e+01
 5.54000000e+00 2.19113373e+01
 5.55000000e+00 1.78871444e+01
 5.56000000e+00 2.19098459e+00
 5.57000000e+00 9.46008851e+00
 5.58000000e+00 1.39285101e+01
 5.59000000e+00 1.44425178e+01
 5.60000000e+00 1.11730910e+01
 5.61000000e+00 1.53122294e+01
 5.62000000e+00 1.44432229e+01
 5.63000000e+00 1.82851544e+01
 5.64000000e+00 3.14840935e+01
 5.65000000e+00 1.76072466e+01
 5.66000000e+00 2.60569960e+01
 5.67000000e+00 -4.72068873e+00
 5.68000000e+00 8.09299981e+00
 5.69000000e+00 4.08356803e-01
 5.70000000e+00 1.35598395e+01
 5.71000000e+00 2.41850159e+01
 5.72000000e+00 1.14540267e+01
 5.73000000e+00 1.58125511e+01
 5.74000000e+00 2.26940260e+01
 5.75000000e+00 2.03223742e+01
 5.76000000e+00 1.36456155e+01
 5.77000000e+00 1.89997962e+01
 5.78000000e+00 1.55706892e+01
 5.79000000e+00 -3.69513246e+00
 5.80000000e+00 2.66641504e+01
 5.81000000e+00 1.21601435e+00
 5.82000000e+00 5.26912365e+00
 5.83000000e+00 1.66774381e+01
 5.84000000e+00 2.26530138e+01
 5.85000000e+00 1.56971834e+01
 5.86000000e+00 3.07561466e+01
 5.87000000e+00 8.63184646e+00
 5.88000000e+00 1.26611259e+01
 5.89000000e+00 1.32178513e+01
 5.90000000e+00 2.11436351e+01
 5.91000000e+00 8.39073080e+00
 5.92000000e+00 2.45201771e+00
 5.93000000e+00 1.58972547e+01
 5.94000000e+00 8.32271825e+00
 5.95000000e+00 1.71013730e+01
 5.96000000e+00 1.76321258e+01
 5.97000000e+00 1.76749318e+01
 5.98000000e+00 1.32383550e+01
 5.99000000e+00 5.39282363e+00
 6.00000000e+00 5.14372833e+00
 6.01000000e+00 1.90570264e+01
 6.02000000e+00 1.56338401e+01
 6.03000000e+00 2.67050634e+01
 6.04000000e+00 1.48507019e+01
 6.05000000e+00 7.81343260e+00
 6.06000000e+00 1.65520714e+01
 6.07000000e+00 4.97627259e+00
 6.08000000e+00 1.45589389e+01
 6.09000000e+00 1.12262567e+01
 6.10000000e+00 1.32069329e+01
 6.11000000e+00 2.14406848e+01
 6.12000000e+00 2.37041178e+01
 6.13000000e+00 2.74772874e+00
 6.14000000e+00 1.61072213e+01
 6.15000000e+00 5.42800123e+00
 6.16000000e+00 1.44903317e+01
 6.17000000e+00 1.16316566e+01
 6.18000000e+00 1.13057659e+01
 6.19000000e+00 1.54120738e+01
 6.20000000e+00 2.80851764e+01
 6.21000000e+00 2.12371902e+01
 6.22000000e+00 -2.08705148e-01
 6.23000000e+00 2.16369550e+01
 6.24000000e+00 2.48400515e+01
 6.25000000e+00 2.42444705e+01
 6.26000000e+00 1.80106439e+01
 6.27000000e+00 1.39586615e+01
 6.28000000e+00 1.06522482e+01
 6.29000000e+00 1.74403142e+01
 6.30000000e+00 1.02011028e+01
 6.31000000e+00 7.90848465e+00
 6.32000000e+00 1.83137226e+01
 6.33000000e+00 1.93467990e+01
 6.34000000e+00 4.92863188e+00
 6.35000000e+00 1.65242724e+01
 6.36000000e+00 1.44520226e+01
 6.37000000e+00 2.40319613e+01
 6.38000000e+00 7.30599977e+00
 6.39000000e+00 1.28550519e+01
 6.40000000e+00 1.55147498e+01
 6.41000000e+00 1.93082586e+01
 6.42000000e+00 1.46059134e+01
 6.43000000e+00 2.69516019e+01
 6.44000000e+00 1.65404676e+01
 6.45000000e+00 9.37625918e+00
 6.46000000e+00 2.64606555e+01
 6.47000000e+00 2.11767406e+01
 6.48000000e+00 9.85576803e+00
 6.49000000e+00 1.20414219e+01
 6.50000000e+00 1.32296236e+01
 6.51000000e+00 2.37500810e+01
 6.52000000e+00 7.73979792e+00
 6.53000000e+00 5.31414202e+00
 6.54000000e+00 1.58344386e+01
 6.55000000e+00 2.15942710e+01
 6.56000000e+00 1.17447831e+01
 6.57000000e+00 2.36208891e+01
 6.58000000e+00 1.72883475e+01
 6.59000000e+00 2.44062831e+01
 6.60000000e+00 2.82589530e+01
 6.61000000e+00 1.75605462e+01
 6.62000000e+00 2.67536941e+01
 6.63000000e+00 2.63466706e+01
 6.64000000e+00 1.59530564e+01
 6.65000000e+00 1.26413303e+01
 6.66000000e+00 1.45830175e+01
 6.67000000e+00 9.26898652e+00
 6.68000000e+00 2.06195356e+01
 6.69000000e+00 2.03402343e+01
 6.70000000e+00 5.91921868e+00
 6.71000000e+00 1.24675894e+01
 6.72000000e+00 2.36420244e+00
 6.73000000e+00 2.24609949e+01
 6.74000000e+00 5.05900651e+00
 6.75000000e+00 2.12924747e+01
 6.76000000e+00 1.12073765e+01
 6.77000000e+00 1.10979356e+01
 6.78000000e+00 2.38457578e+01
 6.79000000e+00 1.91803861e+01
 6.80000000e+00 8.37572422e+00
 6.81000000e+00 1.86109504e+01
 6.82000000e+00 2.60092701e+01
 6.83000000e+00 1.58131123e+01
 6.84000000e+00 2.10465917e+01
 6.85000000e+00 1.27961876e+01
 6.86000000e+00 1.80955120e+01
 6.87000000e+00 3.06406637e+01
 6.88000000e+00 1.96937448e+01
 6.89000000e+00 1.56939498e+01
 6.90000000e+00 2.21413544e+01
 6.91000000e+00 1.88847756e+01
 6.92000000e+00 2.75307512e+01
 6.93000000e+00 1.72071549e+01
 6.94000000e+00 1.30370663e+01
 6.95000000e+00 2.21325974e+01
 6.96000000e+00 8.83804756e+00
 6.97000000e+00 2.04344171e+01
 6.98000000e+00 2.53185438e+01
 6.99000000e+00 1.16637117e+01
 7.00000000e+00 2.57751820e+01
 7.01000000e+00 2.11471245e+01
 7.02000000e+00 9.24464693e+00
 7.03000000e+00 2.39974308e+01
 7.04000000e+00 2.96727759e+01
 7.05000000e+00 2.16320441e+01
 7.06000000e+00 2.62224630e+01
 7.07000000e+00 8.40921169e+00
 7.08000000e+00 2.09333548e+01
 7.09000000e+00 2.08183057e+01
 7.10000000e+00 1.52009573e+01
 7.11000000e+00 1.02463325e+01
 7.12000000e+00 4.34897352e+00
 7.13000000e+00 1.28019126e+01
 7.14000000e+00 2.26424707e+01
 7.15000000e+00 3.49202717e+00
 7.16000000e+00 4.28434454e+00
 7.17000000e+00 1.73002296e+01
 7.18000000e+00 -1.24877356e+00
 7.19000000e+00 5.82790188e+00
 7.20000000e+00 2.00088786e+01
 7.21000000e+00 3.04693624e+01
 7.22000000e+00 1.27492157e+01
 7.23000000e+00 1.77883831e+01
 7.24000000e+00 1.48477572e+01
 7.25000000e+00 1.66357407e+01
 7.26000000e+00 1.41873468e+01
 7.27000000e+00 1.38336540e+01
 7.28000000e+00 1.69621296e+01
 7.29000000e+00 2.71604249e+01
 7.30000000e+00 3.02797333e+01
 7.31000000e+00 1.65302136e+01
 7.32000000e+00 1.43064284e+01
 7.33000000e+00 1.28149989e+01
 7.34000000e+00 2.66506397e+01
 7.35000000e+00 2.14692183e+01
 7.36000000e+00 2.36681104e+01
 7.37000000e+00 2.89194743e+01
 7.38000000e+00 2.69726820e+01
 7.39000000e+00 3.42740977e+01
 7.40000000e+00 1.16484605e+01
 7.41000000e+00 1.15769191e+01
 7.42000000e+00 2.13332177e+01
 7.43000000e+00 1.57879705e+01
 7.44000000e+00 7.13333156e+00
 7.45000000e+00 1.59848081e+01
 7.46000000e+00 1.51280441e+01
 7.47000000e+00 3.02152922e+01
 7.48000000e+00 3.42071589e+01
 7.49000000e+00 4.03919584e+00
 7.50000000e+00 1.15896260e+01
 7.51000000e+00 1.77281741e+01
 7.52000000e+00 1.09631722e+01
 7.53000000e+00 3.06860905e+01
 7.54000000e+00 1.66141822e+01
 7.55000000e+00 2.76173432e+01
 7.56000000e+00 1.43289866e+01
 7.57000000e+00 1.19604053e+01
 7.58000000e+00 4.54707655e+00
 7.59000000e+00 1.44863489e+01
 7.60000000e+00 1.30228113e+01
 7.61000000e+00 1.08095077e+01
 7.62000000e+00 7.10649617e+00
 7.63000000e+00 3.41509988e+01
 7.64000000e+00 3.20101317e+01
 7.65000000e+00 2.86417372e+01
 7.66000000e+00 7.89877175e+00
 7.67000000e+00 1.35930531e+01
 7.68000000e+00 3.01393021e+01
 7.69000000e+00 7.84037033e+00
 7.70000000e+00 1.73858315e+00
 7.71000000e+00 1.55382637e+01
 7.72000000e+00 2.57467982e+01
 7.73000000e+00 1.78118320e+01
 7.74000000e+00 8.90272164e+00
 7.75000000e+00 1.06530014e+01
 7.76000000e+00 2.01132458e+01
 7.77000000e+00 1.48279524e+01
 7.78000000e+00 1.45254800e+01
 7.79000000e+00 2.92088284e+01
 7.80000000e+00 2.60356726e+01
 7.81000000e+00 2.08038408e+01
 7.82000000e+00 2.33948229e+01
 7.83000000e+00 2.63590667e+01
 7.84000000e+00 1.83849591e+01
 7.85000000e+00 2.05191132e+01
 7.86000000e+00 1.94489555e+01
 7.87000000e+00 2.37279510e+01
 7.88000000e+00 1.41268653e+01
 7.89000000e+00 1.52746608e+01
 7.90000000e+00 2.67228666e+01
 7.91000000e+00 1.01717931e+01
 7.92000000e+00 2.41889861e+01
 7.93000000e+00 3.10699894e+01
 7.94000000e+00 6.70368325e+00
 7.95000000e+00 3.00996082e+01
 7.96000000e+00 1.58841786e+01
 7.97000000e+00 1.92013503e+00
 7.98000000e+00 1.07561235e+01
 7.99000000e+00 2.19360632e+01
 8.00000000e+00 2.08242123e+01
 8.01000000e+00 1.41362461e+01
 8.02000000e+00 2.50056030e+01
 8.03000000e+00 1.29346609e+01
 8.04000000e+00 1.96452035e+01
 8.05000000e+00 1.96889432e+01
 8.06000000e+00 1.67643851e+01
 8.07000000e+00 2.51648703e+01
 8.08000000e+00 3.17376492e+01
 8.09000000e+00 1.83376309e+01
 8.10000000e+00 2.41940605e+01
 8.11000000e+00 2.15105161e+01
 8.12000000e+00 2.42904730e+01
 8.13000000e+00 1.66520359e+01
 8.14000000e+00 6.40153089e+00
 8.15000000e+00 2.94637817e+01
 8.16000000e+00 1.35168935e+01
 8.17000000e+00 1.51535066e+01
 8.18000000e+00 1.09780413e+01
 8.19000000e+00 -6.30010822e-01
 8.20000000e+00 2.10036088e+01
 8.21000000e+00 7.04818634e+00
 8.22000000e+00 1.11954434e+01
 8.23000000e+00 1.63213910e+01
 8.24000000e+00 2.13996698e+01
 8.25000000e+00 1.13659675e+01
 8.26000000e+00 6.71405060e+00
 8.27000000e+00 6.65308380e+00
 8.28000000e+00 9.11921539e+00
 8.29000000e+00 1.60028009e+01
 8.30000000e+00 2.02119203e+01
 8.31000000e+00 1.90469548e+01
 8.32000000e+00 1.29522145e+01
 8.33000000e+00 2.09551999e+01
 8.34000000e+00 1.77719026e+01
 8.35000000e+00 2.20048453e+01
 8.36000000e+00 2.83927467e+01
 8.37000000e+00 1.28691993e+01
 8.38000000e+00 2.78433221e+01
 8.39000000e+00 2.56105144e+01
 8.40000000e+00 2.30509255e+01
 8.41000000e+00 2.34876826e+01
 8.42000000e+00 1.46000061e+01
 8.43000000e+00 1.73535527e+01
 8.44000000e+00 3.37031579e+01
 8.45000000e+00 9.99313010e+00
 8.46000000e+00 5.85820259e+00
 8.47000000e+00 3.00164712e+01
 8.48000000e+00 1.11900230e+01
 8.49000000e+00 2.41327642e+01
 8.50000000e+00 2.38180977e+01
 8.51000000e+00 1.92983806e+01
 8.52000000e+00 8.25055955e+00
 8.53000000e+00 3.20125425e+01
 8.54000000e+00 2.15935090e+01
 8.55000000e+00 2.37338034e+01
 8.56000000e+00 3.07285090e+01
 8.57000000e+00 7.27964644e+00
 8.58000000e+00 2.08659993e+01
 8.59000000e+00 2.18502255e+01
 8.60000000e+00 4.26813190e+01
 8.61000000e+00 2.42231633e+01
 8.62000000e+00 2.54259132e+01
 8.63000000e+00 2.38314994e+01
 8.64000000e+00 1.92863182e+01
 8.65000000e+00 2.31861490e+01
 8.66000000e+00 2.55711679e+01
 8.67000000e+00 2.40756915e+01
 8.68000000e+00 2.10576862e+01
 8.69000000e+00 1.89889332e+01
 8.70000000e+00 2.11130930e+01
 8.71000000e+00 2.41983278e+01
 8.72000000e+00 1.76023442e+01
 8.73000000e+00 2.46527261e+01
 8.74000000e+00 2.82905611e+01
 8.75000000e+00 2.55702019e+01
 8.76000000e+00 2.25048267e+01
 8.77000000e+00 2.31349701e+01
 8.78000000e+00 3.54208934e+01
 8.79000000e+00 1.99360210e+01
 8.80000000e+00 2.08424358e+01
 8.81000000e+00 2.74940254e+01
 8.82000000e+00 1.48737586e+01
 8.83000000e+00 1.69892930e+01
 8.84000000e+00 2.33747005e+01
 8.85000000e+00 2.64344865e+01
 8.86000000e+00 2.16918586e+01
 8.87000000e+00 2.06463015e+01
 8.88000000e+00 1.72650854e+01
 8.89000000e+00 2.27117581e+01
 8.90000000e+00 2.98431809e+01
 8.91000000e+00 3.20431679e+01
 8.92000000e+00 2.12723595e+01
 8.93000000e+00 3.49319397e+01
 8.94000000e+00 2.19194821e+01
 8.95000000e+00 1.59274493e+01
 8.96000000e+00 3.53034838e+01
 8.97000000e+00 3.30805734e+01
 8.98000000e+00 1.32073640e+01
 8.99000000e+00 3.16930300e+01
 9.00000000e+00 1.59204091e+01
 9.01000000e+00 2.71365836e+01
 9.02000000e+00 2.19590820e+01
 9.03000000e+00 1.74722416e+01
 9.04000000e+00 2.52691498e+01
 9.05000000e+00 1.64481516e+01
 9.06000000e+00 1.52133893e+01
 9.07000000e+00 2.49756385e+01
 9.08000000e+00 3.19924689e+01
 9.09000000e+00 1.75562790e+01
 9.10000000e+00 2.20160695e+01
 9.11000000e+00 9.17755120e+00
 9.12000000e+00 2.23929183e+01
 9.13000000e+00 2.58038961e+01
 9.14000000e+00 2.71150898e+01
 9.15000000e+00 2.04319536e+01
 9.16000000e+00 2.47630535e+01
 9.17000000e+00 2.26818425e+01
 9.18000000e+00 1.80827089e+01
 9.19000000e+00 2.26194311e+01
 9.20000000e+00 1.50432018e+01
 9.21000000e+00 3.38639613e+01
 9.22000000e+00 8.90807500e+00
 9.23000000e+00 1.41827840e+01
 9.24000000e+00 1.14715300e+01
 9.25000000e+00 2.22905891e+01
 9.26000000e+00 2.03897943e+01
 9.27000000e+00 1.31771452e+01
 9.28000000e+00 2.73384724e+01
 9.29000000e+00 2.42581566e+01
 9.30000000e+00 1.48932399e+01
 9.31000000e+00 1.70044715e+01
 9.32000000e+00 2.60039442e+01
 9.33000000e+00 2.37361352e+01
 9.34000000e+00 2.48550479e+01
 9.35000000e+00 2.42363889e+01
 9.36000000e+00 1.97415058e+01
 9.37000000e+00 4.53397278e+01
 9.38000000e+00 5.62673497e+00
 9.39000000e+00 1.14096876e+01
 9.40000000e+00 1.97993004e+01
 9.41000000e+00 2.89489301e+01
 9.42000000e+00 6.19175001e+00
 9.43000000e+00 2.51257201e+01
 9.44000000e+00 1.91599837e+01
 9.45000000e+00 2.32674263e+01
 9.46000000e+00 2.19525451e+01
 9.47000000e+00 2.11201504e+01
 9.48000000e+00 2.17427599e+01
 9.49000000e+00 1.27405412e+01
 9.50000000e+00 2.12229443e+01
 9.51000000e+00 2.84534221e+01
 9.52000000e+00 1.65874736e+01
 9.53000000e+00 1.77281086e+01
 9.54000000e+00 2.40357708e+01
 9.55000000e+00 2.84187299e+01
 9.56000000e+00 1.89967879e+01
 9.57000000e+00 3.84259143e+01
 9.58000000e+00 1.42787697e+01
 9.59000000e+00 1.82553680e+01
 9.60000000e+00 2.71553081e+01
 9.61000000e+00 2.89560491e+01
 9.62000000e+00 2.74772021e+01
 9.63000000e+00 2.47708076e+01
 9.64000000e+00 4.43572559e+00
 9.65000000e+00 3.56547204e+01
 9.66000000e+00 2.77310735e+01
 9.67000000e+00 3.41919816e+01
 9.68000000e+00 1.50215550e+01
 9.69000000e+00 2.62351296e+01
 9.70000000e+00 1.29886151e+00
 9.71000000e+00 2.17013195e+01
 9.72000000e+00 1.31530396e+01
 9.73000000e+00 3.19594622e+01
 9.74000000e+00 1.53824177e+01
 9.75000000e+00 3.27581347e+01
 9.76000000e+00 2.54222884e+01
 9.77000000e+00 2.02403371e+01
 9.78000000e+00 2.73430774e+01
 9.79000000e+00 1.87094086e+01
 9.80000000e+00 2.25252529e+01
 9.81000000e+00 2.47142709e+01
 9.82000000e+00 1.56656677e+00
 9.83000000e+00 2.07505600e+01
 9.84000000e+00 1.03149997e+01
 9.85000000e+00 1.80904172e+01
 9.86000000e+00 1.48354881e+01
 9.87000000e+00 2.72028789e+01
 9.88000000e+00 2.27434994e+01
 9.89000000e+00 3.77989553e+01
 9.90000000e+00 2.75495191e+01
 9.91000000e+00 1.84251874e+01
 9.92000000e+00 1.77403633e+01
 9.93000000e+00 3.40985656e+01
 9.94000000e+00 1.75150078e+01
 9.95000000e+00 2.53198525e+01
 9.96000000e+00 3.19708354e+01
 9.97000000e+00 4.64541127e+01
 9.98000000e+00 2.21194605e+01
 9.99000000e+00 1.42745230e+01
 1.00000000e+01 1.12400400e+01
